time CL CT CH
0.0 0.0 0.0 0.0
0.00999999977648 7999999812.83 1102.78812691 8000000915.61
0.019999999553 15999996171.7 5198.96305976 16000001370.7
0.0299999993294 23999986868.1 13796.2688741 24000000664.4
0.0500000007451 39999946779.6 55136.6878118 40000001916.3
0.0900000035763 71999735161.4 266161.332313 72000001322.7
0.170000001788 1.35998661624e+11 1358440.00289 1.36000020064e+11
0.330000013113 2.63993032024e+11 7084332.96897 2.64000116357e+11
0.649999976158 5.19962830009e+11 37802599.5683 5.20000632608e+11
1.28999996185 1.03179722459e+12 206217750.192 1.03200344234e+12
2.28999996185 1.83118230751e+12 826864110.74 1.83200917162e+12
3.28999996185 2.63010639646e+12 1904816003.74 2.63201121247e+12
4.28999996185 3.42849078141e+12 3521376200.62 3.43201215761e+12
5.28999996185 4.22626604716e+12 5746595695.6 4.23201264286e+12
6.28999996185 5.0233701693e+12 8642781397.84 5.0320129507e+12
7.28999996185 5.81974676169e+12 12266479627.5 5.83201324132e+12
8.28999996185 6.61534355719e+12 16669719071.0 6.63201327626e+12
9.28999996185 7.41011251182e+12 21900850446.9 7.43201336226e+12
10.2899999619 8.2040083533e+12 28005144521.3 8.23201349782e+12
11.2899999619 8.99698842154e+12 35025236212.6 9.03201365775e+12
12.2899999619 9.78901217933e+12 43001462680.0 9.83201364201e+12
13.2899999619 1.05800414859e+13 51972136016.1 1.06320136219e+13
14.2899999619 1.13700398426e+13 61973753256.5 1.14320135958e+13
15.2899999619 1.21589725278e+13 73041175551.8 1.22320137033e+13
16.2900009155 1.29468059774e+13 85207773002.1 1.30320137504e+13
17.2900009155 1.3733508067e+13 98505548974.3 1.3832013616e+13
18.2900009155 1.45190484656e+13 1.12965245944e+11 1.46320137115e+13
19.2900009155 1.53033974368e+13 1.28616443385e+11 1.54320138802e+13
20.2900009155 1.60865261556e+13 1.45487615058e+11 1.62320137706e+13
21.2900009155 1.68684074488e+13 1.63606224036e+11 1.70320136729e+13
22.2900009155 1.76490148554e+13 1.82998769674e+11 1.7832013625e+13
23.2900009155 1.84283227769e+13 2.03690843397e+11 1.86320136203e+13
24.2900009155 1.92063064108e+13 2.25707179813e+11 1.94320135906e+13
25.2900009155 1.99829420104e+13 2.49071707749e+11 2.02320137181e+13
26.2900009155 2.07582062047e+13 2.73807560994e+11 2.10320137657e+13
27.2900009155 2.15320765631e+13 2.99937158385e+11 2.18320137215e+13
28.2900009155 2.23045316097e+13 3.27482203399e+11 2.26320138131e+13
29.2900009155 2.30755502626e+13 3.5646373215e+11 2.34320139947e+13
30.2900009155 2.38451114267e+13 3.86902126871e+11 2.42320135536e+13
31.2900009155 2.46131967478e+13 4.1881716113e+11 2.5032013909e+13
32.2900009155 2.53797855454e+13 4.5222800553e+11 2.5832013551e+13
33.2900009155 2.61448606533e+13 4.87153267092e+11 2.66320139204e+13
34.2900009155 2.69084023777e+13 5.23611016943e+11 2.74320133947e+13
35.2900009155 2.767039492e+13 5.61618741815e+11 2.82320136618e+13
36.2900009155 2.84308201725e+13 6.01193490012e+11 2.90320136625e+13
37.2900009155 2.9189661803e+13 6.4235178846e+11 2.98320135915e+13
38.2900009155 2.99469040824e+13 6.85109680086e+11 3.06320137625e+13
39.2900009155 3.07025309919e+13 7.29482781748e+11 3.14320137737e+13
40.2900009155 3.14565275788e+13 7.75486235489e+11 3.22320138143e+13
41.2900009155 3.22088792855e+13 8.23134769716e+11 3.30320140552e+13
42.2900009155 3.2959570744e+13 8.7244271833e+11 3.38320134623e+13
43.2900009155 3.37085898471e+13 9.23424025552e+11 3.46320138726e+13
44.2900009155 3.44559217276e+13 9.76092203259e+11 3.54320139308e+13
45.2900009155 3.52015531097e+13 1.0304604816e+12 3.62320135913e+13
46.2900009155 3.59454724894e+13 1.08654161076e+12 3.70320141001e+13
47.2900009155 3.66876655119e+13 1.14434813056e+12 3.78320136425e+13
48.2900009155 3.74281214517e+13 1.20389218235e+12 3.8632013634e+13
49.2900009155 3.81668281502e+13 1.26518554907e+12 3.94320136993e+13
50.2900009155 3.89037738652e+13 1.32823980444e+12 4.02320136696e+13
51.2900009155 3.96389477333e+13 1.39306612982e+12 4.10320138632e+13
52.2900009155 4.03723383293e+13 1.45967550081e+12 4.18320138302e+13
53.2900009155 4.11039351473e+13 1.52807849526e+12 4.26320136426e+13
54.2900009155 4.18337282468e+13 1.59828556798e+12 4.34320138148e+13
55.2900009155 4.25617070112e+13 1.67030683842e+12 4.42320138496e+13
56.2900009155 4.32878615049e+13 1.74415213448e+12 4.50320136394e+13
57.2900009155 4.40121823026e+13 1.81983117571e+12 4.58320134783e+13
58.2900009155 4.47346605291e+13 1.89735328101e+12 4.66320138101e+13
59.2900009155 4.54552856282e+13 1.976727708e+12 4.74320133362e+13
60.2900009155 4.6174050446e+13 2.05796334126e+12 4.82320137873e+13
61.2900009155 4.68909444164e+13 2.1410689975e+12 4.90320134139e+13
62.2900009155 4.76059606706e+13 2.22605317277e+12 4.98320138434e+13
63.2900009155 4.83190895417e+13 2.31292428345e+12 5.06320138252e+13
64.2900009155 4.90303231176e+13 2.40169045725e+12 5.14320135748e+13
65.2900009155 4.97396542577e+13 2.49235962768e+12 5.22320138854e+13
66.2900009155 5.0447073614e+13 2.58493974246e+12 5.30320133565e+13
67.2900009155 5.11525753344e+13 2.67943833251e+12 5.3832013667e+13
68.2900009155 5.18561511378e+13 2.77586285472e+12 5.46320139926e+13
69.2900009155 5.25577927564e+13 2.87422073749e+12 5.54320134939e+13
70.2900009155 5.32574948415e+13 2.97451896246e+12 5.62320138039e+13
71.2900009155 5.39552492461e+13 3.07676476686e+12 5.7032014013e+13
72.2900009155 5.46510488232e+13 3.18096481185e+12 5.78320136351e+13
73.2900009155 5.53448873518e+13 3.2871259707e+12 5.86320133225e+13
74.2900009155 5.60367589128e+13 3.39525477469e+12 5.94320136875e+13
75.2900009155 5.67266560505e+13 3.50535764465e+12 6.02320136952e+13
76.2900009155 5.74145724298e+13 3.61744103646e+12 6.10320134663e+13
77.2900009155 5.81005024739e+13 3.73151101523e+12 6.18320134891e+13
78.2900009155 5.87844402974e+13 3.84757377518e+12 6.26320140726e+13
79.2900009155 5.94663785251e+13 3.96563526018e+12 6.34320137852e+13
80.2900009155 6.01463129424e+13 4.08570131117e+12 6.42320142536e+13
81.2900009155 6.08242360131e+13 4.20777774988e+12 6.5032013763e+13
82.2900009155 6.15001437777e+13 4.33187005718e+12 6.58320138349e+13
83.2900009155 6.2174029606e+13 4.45798395591e+12 6.66320135619e+13
84.2900009155 6.28458886928e+13 4.58612475367e+12 6.74320134465e+13
85.2900009155 6.3515715938e+13 4.71629792288e+12 6.82320138608e+13
86.2900009155 6.41835051003e+13 4.84850845097e+12 6.90320135513e+13
87.2900009155 6.4849252462e+13 4.98276173436e+12 6.98320141964e+13
88.2900009155 6.55129509364e+13 5.11906274238e+12 7.06320136787e+13
89.2900009155 6.61745972753e+13 5.2574162712e+12 7.14320135465e+13
90.2900009155 6.68341861907e+13 5.39782743736e+12 7.22320136281e+13
91.2900009155 6.74917131997e+13 5.54030077033e+12 7.303201397e+13
92.2900009155 6.81471722892e+13 5.68484110615e+12 7.38320133953e+13
93.2900009155 6.88005604528e+13 5.83145297618e+12 7.4632013429e+13
94.2900009155 6.94518727111e+13 5.98014094038e+12 7.54320136515e+13
95.2900009155 7.01011040846e+13 6.13090944821e+12 7.62320135328e+13
96.2900009155 7.07482507346e+13 6.28376265381e+12 7.70320133884e+13
97.2900009155 7.1393308205e+13 6.43870510875e+12 7.78320133138e+13
98.2900009155 7.203627306e+13 6.59574071697e+12 7.8632013777e+13
99.2900009155 7.2677139488e+13 6.75487384401e+12 7.9432013332e+13
100.290000916 7.33159056097e+13 6.91610827304e+12 8.02320138828e+13
101.290000916 7.39525657748e+13 7.07944803172e+12 8.10320138065e+13
102.290000916 7.45871167619e+13 7.24489701679e+12 8.18320137787e+13
103.290000916 7.52195541553e+13 7.41245904517e+12 8.26320132005e+13
104.290000916 7.58498759149e+13 7.58213777679e+12 8.34320136917e+13
105.290000916 7.64780764841e+13 7.75393679644e+12 8.42320132806e+13
106.290000916 7.71041540375e+13 7.92785962586e+12 8.50320136634e+13
107.290000916 7.77281044546e+13 8.10390989207e+12 8.58320143467e+13
108.290000916 7.83499232258e+13 8.28209091402e+12 8.66320141398e+13
109.290000916 7.89696075324e+13 8.4624059163e+12 8.74320134487e+13
110.290000916 7.95871547437e+13 8.6448584454e+12 8.82320131891e+13
111.290000916 8.02025627124e+13 8.82945125425e+12 8.90320139666e+13
112.290000916 8.08158256133e+13 9.01618772955e+12 8.98320133428e+13
113.290000916 8.1426942829e+13 9.20507079618e+12 9.06320136252e+13
114.290000916 8.20359099304e+13 9.39610334131e+12 9.14320132717e+13
115.290000916 8.26427252531e+13 9.58928836029e+12 9.22320136134e+13
116.290000916 8.32473855223e+13 9.7846284345e+12 9.30320139568e+13
117.290000916 8.38498873556e+13 9.98212641503e+12 9.38320137706e+13
118.290000916 8.44502284445e+13 1.01817849013e+13 9.46320133458e+13
119.290000916 8.50484069906e+13 1.03836066196e+13 9.54320136101e+13
120.290000916 8.56444195577e+13 1.05875938973e+13 9.6232013455e+13
121.290000916 8.62382650186e+13 1.07937490255e+13 9.7032014044e+13
122.290000916 8.68299390781e+13 1.10020744077e+13 9.78320134858e+13
123.290000916 8.74194415753e+13 1.12125723946e+13 9.86320139699e+13
124.290000916 8.80067682958e+13 1.14252450229e+13 9.94320133186e+13
125.290000916 8.85919196421e+13 1.16400944358e+13 1.00232014078e+14
126.290000916 8.91748905409e+13 1.18571227549e+13 1.01032013296e+14
127.290000916 8.9755681341e+13 1.20763316088e+13 1.0183201295e+14
128.289993286 9.03342905394e+13 1.22977231583e+13 1.02632013698e+14
129.289993286 9.09107145657e+13 1.25212990239e+13 1.0343201359e+14
130.289993286 9.14849529369e+13 1.27470608349e+13 1.04232013772e+14
131.289993286 9.20570039885e+13 1.29750103663e+13 1.05032014355e+14
132.289993286 9.26268642041e+13 1.32051491634e+13 1.05832013368e+14
133.289993286 9.31945349527e+13 1.34374785495e+13 1.06632013502e+14
134.289993286 9.37600134695e+13 1.36719999594e+13 1.07432013429e+14
135.289993286 9.43232984659e+13 1.39087147295e+13 1.08232013195e+14
136.289993286 9.48843892709e+13 1.41476238856e+13 1.09032013156e+14
137.289993286 9.54432845154e+13 1.43887288698e+13 1.09832013385e+14
138.289993286 9.59999839578e+13 1.46320304655e+13 1.10632014423e+14
139.289993286 9.6554483679e+13 1.48775298632e+13 1.11432013542e+14
140.289993286 9.7106786417e+13 1.5125227467e+13 1.12232013884e+14
141.289993286 9.76568894875e+13 1.53751247125e+13 1.130320142e+14
142.289993286 9.82047916288e+13 1.56272218913e+13 1.1383201352e+14
143.289993286 9.87504944784e+13 1.58815198408e+13 1.14632014319e+14
144.289993286 9.92939940634e+13 1.61380188705e+13 1.15432012934e+14
145.289993286 9.98352945715e+13 1.63967197294e+13 1.16232014301e+14
146.289993286 1.00374390661e+14 1.6657622801e+13 1.17032013462e+14
147.289993286 1.00911285579e+14 1.69207283445e+13 1.17832013924e+14
148.289993286 1.01445977824e+14 1.71860362557e+13 1.18632014079e+14
149.289993286 1.0197846624e+14 1.74535469425e+13 1.19432013182e+14
150.289993286 1.02508752921e+14 1.77232607747e+13 1.20232013696e+14
151.289993286 1.03036836124e+14 1.79951773153e+13 1.21032013439e+14
152.289993286 1.03562716652e+14 1.82692964268e+13 1.21832013079e+14
153.289993286 1.04086394506e+14 1.85456183129e+13 1.22632012819e+14
154.289993286 1.04607871082e+14 1.88241422733e+13 1.23432013356e+14
155.289993286 1.05127146327e+14 1.91048678792e+13 1.24232014206e+14
156.289993286 1.05644218307e+14 1.93877950971e+13 1.25032013404e+14
157.289993286 1.06159090887e+14 1.96729230966e+13 1.25832013984e+14
158.289993286 1.06671762404e+14 1.99602515488e+13 1.26632013953e+14
159.289993286 1.07182234093e+14 2.02497793547e+13 1.27432013448e+14
160.289993286 1.07690507349e+14 2.05415059793e+13 1.28232013328e+14
161.289993286 1.08196582441e+14 2.08354308068e+13 1.29032013248e+14
162.289993286 1.08700460496e+14 2.1131552203e+13 1.29832012699e+14
163.289993286 1.09202143822e+14 2.14298699181e+13 1.3063201374e+14
164.289993286 1.09701632044e+14 2.17303823933e+13 1.31432014438e+14
165.289993286 1.10198925431e+14 2.2033088347e+13 1.32232013778e+14
166.289993286 1.10694026881e+14 2.23379865258e+13 1.33032013407e+14
167.289993286 1.11186937898e+14 2.26450760456e+13 1.33832013943e+14
168.289993286 1.11677658481e+14 2.29543549351e+13 1.34632013416e+14
169.289993286 1.12166191852e+14 2.32658222179e+13 1.3543201407e+14
170.289993286 1.12652538441e+14 2.35794754007e+13 1.36232013842e+14
171.289993286 1.13136699374e+14 2.38953136533e+13 1.37032013027e+14
172.289993286 1.13618678625e+14 2.42133348448e+13 1.3783201347e+14
173.289993286 1.14098477268e+14 2.4533537103e+13 1.38632014371e+14
174.289993286 1.14576094603e+14 2.48559182619e+13 1.39432012865e+14
175.289993286 1.15051536109e+14 2.5180477095e+13 1.40232013204e+14
176.289993286 1.15524803233e+14 2.55072104601e+13 1.41032013693e+14
177.289993286 1.15995896567e+14 2.58361173638e+13 1.41832013931e+14
178.289993286 1.16464819762e+14 2.61671944123e+13 1.42632014174e+14
179.289993286 1.16931573998e+14 2.6500440191e+13 1.43432014189e+14
180.289993286 1.17396161799e+14 2.6835851499e+13 1.44232013298e+14
181.289993286 1.17858586707e+14 2.71734265076e+13 1.45032013215e+14
182.289993286 1.18318851194e+14 2.75131624652e+13 1.45832013659e+14
183.289993286 1.18776956815e+14 2.78550565936e+13 1.46632013409e+14
184.289993286 1.19232906417e+14 2.81991062722e+13 1.47432012689e+14
185.289993286 1.19686705206e+14 2.85453087192e+13 1.48232013925e+14
186.289993286 1.20138352323e+14 2.88936609854e+13 1.49032013309e+14
187.289993286 1.20587853783e+14 2.92441597252e+13 1.49832013508e+14
188.289993286 1.21035210443e+14 2.95968029791e+13 1.50632013422e+14
189.289993286 1.21480427028e+14 2.99515869622e+13 1.5143201399e+14
190.289993286 1.21923504773e+14 3.03085086345e+13 1.52232013408e+14
191.289993286 1.2236444851e+14 3.06675644827e+13 1.53032012993e+14
192.289993286 1.22803262588e+14 3.10287517085e+13 1.53832014296e+14
193.289993286 1.23239947113e+14 3.13920662383e+13 1.54632013351e+14
194.289993286 1.23674508528e+14 3.17575053946e+13 1.55432013923e+14
195.289993286 1.24106948982e+14 3.21250650366e+13 1.56232014018e+14
196.289993286 1.24537271533e+14 3.24947419801e+13 1.57032013513e+14
197.289993286 1.24965481819e+14 3.2866532024e+13 1.57832013843e+14
198.289993286 1.25391581397e+14 3.32404320009e+13 1.58632013398e+14
199.289993286 1.25815575367e+14 3.36164379344e+13 1.59432013302e+14
200.0 1.26115550223e+14 3.38844628589e+13 1.60000013081e+14
200.0 1.26115550223e+14 3.38844628589e+13 1.60000013081e+14
200.001 1.26115172641e+14 3.38848405845e+13 1.60000013226e+14
200.002 1.26114795275e+14 3.38852180652e+13 1.6000001334e+14
200.003 1.26114417264e+14 3.38855955693e+13 1.60000012833e+14
200.005 1.26113662853e+14 3.38863506145e+13 1.60000013468e+14
200.009 1.26112153172e+14 3.38878603358e+13 1.60000013508e+14
200.017000001 1.26109133703e+14 3.38908804461e+13 1.60000014149e+14
200.033 1.26103094711e+14 3.38969188112e+13 1.60000013522e+14
200.064999998 1.26091020646e+14 3.3908992753e+13 1.60000013399e+14
200.128999993 1.26066883576e+14 3.39331302514e+13 1.60000013827e+14
200.256999999 1.26018651579e+14 3.39813621342e+13 1.60000013713e+14
200.513000011 1.25922344889e+14 3.40776690898e+13 1.60000013978e+14
201.024999976 1.25730304774e+14 3.42697116396e+13 1.60000016414e+14
202.025000095 1.25357052741e+14 3.46429719317e+13 1.60000024673e+14
203.025000095 1.24982516616e+14 3.50175109196e+13 1.60000027535e+14
204.025000095 1.24606565403e+14 3.53934623277e+13 1.60000027731e+14
205.025000095 1.24229098657e+14 3.57709309296e+13 1.60000029586e+14
206.025000095 1.2385002688e+14 3.61500028194e+13 1.60000029699e+14
207.025000095 1.2346928028e+14 3.65307497096e+13 1.6000002999e+14
208.024999619 1.23086796902e+14 3.69132328672e+13 1.60000029769e+14
209.024999619 1.22702524348e+14 3.72975052344e+13 1.60000029583e+14
210.024999619 1.22316416447e+14 3.76836132303e+13 1.60000029677e+14
211.024999619 1.21928433363e+14 3.80715970466e+13 1.6000003041e+14
212.024999619 1.21538540092e+14 3.84614907946e+13 1.60000030887e+14
213.024999619 1.21146704154e+14 3.88533261229e+13 1.60000030277e+14
214.024999619 1.2075290112e+14 3.92471301769e+13 1.60000031297e+14
215.024999619 1.20357104578e+14 3.96429263576e+13 1.60000030935e+14
216.024999619 1.19959295467e+14 4.00407354419e+13 1.60000030909e+14
217.024999619 1.19559455964e+14 4.04405750123e+13 1.60000030977e+14
218.024999619 1.19157569695e+14 4.08424609333e+13 1.60000030628e+14
219.024999619 1.18753625545e+14 4.12464052577e+13 1.60000030803e+14
220.024999619 1.18347611114e+14 4.16524194074e+13 1.60000030522e+14
221.024999619 1.17939519959e+14 4.20605108985e+13 1.60000030857e+14
222.024999619 1.17529343168e+14 4.24706872742e+13 1.60000030442e+14
223.024999619 1.17117078968e+14 4.28829525879e+13 1.60000031556e+14
224.024999619 1.16702721348e+14 4.32973091614e+13 1.6000003051e+14
225.024999619 1.16286272777e+14 4.37137584174e+13 1.60000031195e+14
226.024999619 1.15867731268e+14 4.4132299477e+13 1.60000030745e+14
227.024999619 1.15447100741e+14 4.45529302663e+13 1.60000031007e+14
228.024999619 1.1502438388e+14 4.49756463563e+13 1.60000030236e+14
229.024999619 1.14599587986e+14 4.54004426533e+13 1.60000030639e+14
230.024999619 1.14172719287e+14 4.58273117753e+13 1.60000031062e+14
231.024999619 1.13743785997e+14 4.62562447567e+13 1.60000030754e+14
232.025001526 1.1331279821e+14 4.66872325578e+13 1.60000030767e+14
233.025001526 1.12879768326e+14 4.71202629717e+13 1.60000031298e+14
234.025001526 1.12444708266e+14 4.75553234756e+13 1.60000031741e+14
235.025001526 1.12007632738e+14 4.79923990038e+13 1.60000031741e+14
236.025001526 1.11568556614e+14 4.84314746848e+13 1.60000031299e+14
237.025001526 1.11127498256e+14 4.88725335335e+13 1.60000031789e+14
238.025001526 1.10684475111e+14 4.93155563969e+13 1.60000031507e+14
239.025001526 1.10239505379e+14 4.97605244242e+13 1.60000029803e+14
240.025001526 1.09792614777e+14 5.02074169324e+13 1.60000031709e+14
241.025001526 1.09343819411e+14 5.06562120038e+13 1.60000031414e+14
242.025001526 1.08893146553e+14 5.11068843249e+13 1.60000030878e+14
243.025001526 1.08440619021e+14 5.1559412139e+13 1.6000003116e+14
244.025001526 1.07986264195e+14 5.20137674215e+13 1.60000031617e+14
245.025001526 1.07530106664e+14 5.2469924832e+13 1.60000031496e+14
246.025001526 1.07072176332e+14 5.29278551916e+13 1.60000031523e+14
247.025001526 1.06612500256e+14 5.33875307306e+13 1.60000030987e+14
248.025001526 1.06151112045e+14 5.38489191295e+13 1.60000031175e+14
249.025001526 1.05688041442e+14 5.43119906724e+13 1.60000032115e+14
250.025001526 1.05223318297e+14 5.47767121808e+13 1.60000030477e+14
251.025001526 1.0475698019e+14 5.52430506504e+13 1.6000003084e+14
252.025001526 1.04289058797e+14 5.57109719362e+13 1.60000030733e+14
253.025001526 1.03819590571e+14 5.6180440229e+13 1.600000308e+14
254.025001526 1.03348611269e+14 5.6651419894e+13 1.60000031163e+14
255.025001526 1.02876158148e+14 5.7123873565e+13 1.60000031713e+14
256.025001526 1.0240226863e+14 5.75977620638e+13 1.60000030694e+14
257.025001526 1.01926983247e+14 5.80730477557e+13 1.60000031003e+14
258.025001526 1.01450340278e+14 5.85496911405e+13 1.60000031419e+14
259.025001526 1.00972380473e+14 5.90276510536e+13 1.60000031526e+14
260.025001526 1.00493145921e+14 5.95068865854e+13 1.60000032506e+14
261.025001526 1.00012676996e+14 5.99873545178e+13 1.60000031513e+14
262.025001526 9.95310163241e+13 6.04690153774e+13 1.60000031702e+14
263.025001526 9.9048208091e+13 6.09518227249e+13 1.60000030816e+14
264.025001526 9.85642972861e+13 6.14357342011e+13 1.60000031487e+14
265.025001526 9.80793262148e+13 6.19207046284e+13 1.60000030843e+14
266.025001526 9.75933412627e+13 6.24066886813e+13 1.60000029944e+14
267.025001526 9.71063887619e+13 6.28936430345e+13 1.60000031796e+14
268.025001526 9.66185127894e+13 6.33815185643e+13 1.60000031354e+14
269.025001526 9.61297616099e+13 6.38702691803e+13 1.6000003079e+14
270.025001526 9.56401806964e+13 6.43598508053e+13 1.60000031502e+14
271.025001526 9.51498189041e+13 6.48502120474e+13 1.60000030952e+14
272.025001526 9.4658724122e+13 6.53413079706e+13 1.60000032093e+14
273.025001526 9.41669420377e+13 6.58330890618e+13 1.60000031099e+14
274.025001526 9.36745228487e+13 6.63255081436e+13 1.60000030992e+14
275.025001526 9.31815162692e+13 6.68185150722e+13 1.60000031341e+14
276.025001526 9.26879698122e+13 6.73120617171e+13 1.60000031529e+14
277.025001526 9.219393185e+13 6.78060986595e+13 1.60000030509e+14
278.025001526 9.16994540294e+13 6.83005775271e+13 1.60000031556e+14
279.025001526 9.12045839709e+13 6.87954470488e+13 1.6000003102e+14
280.025001526 9.0709371872e+13 6.92906595237e+13 1.60000031396e+14
281.025001526 9.02138661583e+13 6.97861643785e+13 1.60000030537e+14
282.025001526 8.97181188527e+13 7.02819119795e+13 1.60000030832e+14
283.025001526 8.92221784883e+13 7.0777852505e+13 1.60000030993e+14
284.025001526 8.87260956384e+13 7.12739361335e+13 1.60000031772e+14
285.025001526 8.82299181918e+13 7.17701133118e+13 1.60000031504e+14
286.025001526 8.77336970439e+13 7.22663331713e+13 1.60000030215e+14
287.025001526 8.72374822311e+13 7.27625490042e+13 1.60000031235e+14
288.025001526 8.67413227697e+13 7.32587078752e+13 1.60000030645e+14
289.025001526 8.62452689108e+13 7.37547632643e+13 1.60000032175e+14
290.025001526 8.57493676306e+13 7.42506633366e+13 1.60000030967e+14
291.025001526 8.52536705224e+13 7.47463615991e+13 1.60000032122e+14
292.025001526 8.47582241866e+13 7.52418071029e+13 1.60000031289e+14
293.025001526 8.42630794112e+13 7.57369514489e+13 1.6000003086e+14
294.025001526 8.37682838703e+13 7.62317472046e+13 1.60000031075e+14
295.025001526 8.32738851844e+13 7.67261467764e+13 1.60000031961e+14
296.025001526 8.27799317256e+13 7.72200995373e+13 1.60000031263e+14
297.025001526 8.22864707385e+13 7.77135607661e+13 1.60000031505e+14
298.025001526 8.17935500582e+13 7.82064810707e+13 1.60000031129e+14
299.025001526 8.13012154799e+13 7.8698815649e+13 1.60000031129e+14
300.025001526 8.08095148388e+13 7.91905165318e+13 1.60000031371e+14
301.025001526 8.03184935005e+13 7.96815371185e+13 1.60000030619e+14
302.025001526 7.98281974748e+13 8.01718339228e+13 1.60000031398e+14
303.025001526 7.93386716978e+13 8.06613585992e+13 1.60000030297e+14
304.025001526 7.88499628772e+13 8.11500689768e+13 1.60000031854e+14
305.025001526 7.83621127281e+13 8.16379183207e+13 1.60000031049e+14
306.025001526 7.78751676896e+13 8.21248639229e+13 1.60000031613e+14
307.025001526 7.73891701209e+13 8.26108608743e+13 1.60000030995e+14
308.025001526 7.69041637769e+13 8.30958670841e+13 1.60000030861e+14
309.025001526 7.6420191178e+13 8.3579840381e+13 1.60000031559e+14
310.025001526 7.59372945757e+13 8.40627365538e+13 1.6000003113e+14
311.025001526 7.5455515685e+13 8.45445161962e+13 1.60000031881e+14
312.025001526 7.49748955764e+13 8.5025136439e+13 1.60000032015e+14
313.025001526 7.4495474247e+13 8.55045571242e+13 1.60000031371e+14
314.025001526 7.4017292982e+13 8.59827382013e+13 1.60000031183e+14
315.025001526 7.35403911878e+13 8.64596400224e+13 1.6000003121e+14
316.025001526 7.30648077875e+13 8.6935224577e+13 1.60000032365e+14
317.025001526 7.25905811137e+13 8.74094504993e+13 1.60000031613e+14
318.025001526 7.2117749499e+13 8.78822822482e+13 1.60000031747e+14
319.025001526 7.16463498264e+13 8.8353681035e+13 1.60000030861e+14
320.025001526 7.11764203211e+13 8.88236112919e+13 1.60000031613e+14
321.025001526 7.07079963093e+13 8.92920358407e+13 1.6000003215e+14
322.025001526 7.02411140297e+13 8.97589169392e+13 1.60000030969e+14
323.025001526 6.97758088621e+13 9.02242224558e+13 1.60000031318e+14
324.025001526 6.9312115542e+13 9.06879159369e+13 1.60000031479e+14
325.025001526 6.8850067785e+13 9.11499640161e+13 1.60000031801e+14
326.025001526 6.83897000045e+13 9.16103314745e+13 1.60000031479e+14
327.025001526 6.79310450033e+13 9.20689865831e+13 1.60000031586e+14
328.024993896 6.74741359064e+13 9.25258958948e+13 1.60000031801e+14
329.024993896 6.70190040132e+13 9.29810269827e+13 1.60000030996e+14
330.024993896 6.65656812676e+13 9.34343500504e+13 1.60000031318e+14
331.024993896 6.61141992914e+13 9.38858330467e+13 1.60000032338e+14
332.024993896 6.56645874514e+13 9.43354451015e+13 1.60000032553e+14
333.024993896 6.52168762954e+13 9.47831555059e+13 1.60000031801e+14
334.024993896 6.47710955663e+13 9.52289360203e+13 1.60000031587e+14
335.024993896 6.43272742012e+13 9.56727568485e+13 1.6000003105e+14
336.024993896 6.38854407618e+13 9.61145905027e+13 1.60000031264e+14
337.024993896 6.34456234874e+13 9.65544090119e+13 1.60000032499e+14
338.024993896 6.3007849329e+13 9.69921820966e+13 1.60000031426e+14
339.024993896 6.25721464723e+13 9.74278854365e+13 1.60000031909e+14
340.024993896 6.21385404187e+13 9.78614904164e+13 1.60000030835e+14
341.024993896 6.17070593002e+13 9.82929721791e+13 1.60000031479e+14
342.024993896 6.12777268464e+13 9.87223045255e+13 1.60000031372e+14
343.024993896 6.08505698474e+13 9.91494613636e+13 1.60000031211e+14
344.024993896 6.04256137506e+13 9.95744177287e+13 1.60000031479e+14
345.024993896 6.00028822322e+13 9.99971495693e+13 1.60000031802e+14
346.024993896 5.95824000419e+13 1.00417632189e+14 1.60000032231e+14
347.024993896 5.91641906947e+13 1.00835840355e+14 1.6000003105e+14
348.024993896 5.87482789939e+13 1.01251752324e+14 1.60000031318e+14
349.024993896 5.8334687864e+13 1.01665344636e+14 1.600000325e+14
350.024993896 5.79234397998e+13 1.0207659227e+14 1.6000003207e+14
351.024993896 5.75145572963e+13 1.02485473324e+14 1.6000003062e+14
352.024993896 5.71080647811e+13 1.02891967504e+14 1.60000032285e+14
353.024993896 5.67039825478e+13 1.03296049307e+14 1.60000031855e+14
354.024993896 5.63023334673e+13 1.03697698281e+14 1.60000031748e+14
355.024993896 5.59031389069e+13 1.04096892841e+14 1.60000031748e+14
356.024993896 5.55064211468e+13 1.04493610977e+14 1.60000032124e+14
357.024993896 5.5112200964e+13 1.04887830945e+14 1.60000031909e+14
358.024993896 5.47205002089e+13 1.05279531861e+14 1.6000003207e+14
359.024993896 5.43313400345e+13 1.05668691821e+14 1.60000031855e+14
360.024993896 5.39447411638e+13 1.06055290745e+14 1.60000031909e+14
361.024993896 5.35607245349e+13 1.06439306998e+14 1.60000031533e+14
362.024993896 5.31793116763e+13 1.0682072034e+14 1.60000032017e+14
363.024993896 5.2800522989e+13 1.07199508491e+14 1.6000003148e+14
364.024993896 5.2424379089e+13 1.07575652981e+14 1.6000003207e+14
365.024993896 5.20509018268e+13 1.07949130082e+14 1.60000031909e+14
366.024993896 5.16801113351e+13 1.08319920843e+14 1.60000032178e+14
367.024993896 5.13120281761e+13 1.08688003733e+14 1.60000031909e+14
368.024993896 5.09466745763e+13 1.09053357494e+14 1.6000003207e+14
369.024993896 5.05840709366e+13 1.09415960597e+14 1.60000031533e+14
370.024993896 5.02242390542e+13 1.09775793553e+14 1.60000032607e+14
371.024993896 4.98671989005e+13 1.10132833224e+14 1.60000032124e+14
372.024993896 4.95129745275e+13 1.10487058456e+14 1.60000032983e+14
373.024993896 4.91615854771e+13 1.10838446808e+14 1.60000032285e+14
374.024993896 4.88130547812e+13 1.11186976752e+14 1.60000031534e+14
375.024993896 4.84674049347e+13 1.11532627082e+14 1.60000032017e+14
376.024993896 4.81246587009e+13 1.11875373638e+14 1.60000032339e+14
377.024993896 4.77848381451e+13 1.12215192905e+14 1.6000003105e+14
378.024993896 4.74479681782e+13 1.12552063946e+14 1.60000032124e+14
379.024993896 4.7114070973e+13 1.12885961151e+14 1.60000032124e+14
380.024993896 4.67831710645e+13 1.13216861221e+14 1.60000032285e+14
381.024993896 4.64552930413e+13 1.13544738976e+14 1.60000032017e+14
382.024993896 4.61304620827e+13 1.13869569773e+14 1.60000031856e+14
383.024993896 4.58087037437e+13 1.14191328327e+14 1.60000032071e+14
384.024993896 4.54900439016e+13 1.1450998833e+14 1.60000032232e+14
385.024993896 4.51745089166e+13 1.14825522671e+14 1.60000031588e+14
386.024993896 4.48621269478e+13 1.15137905687e+14 1.60000032634e+14
387.024993896 4.45529246238e+13 1.15447107689e+14 1.60000032312e+14
388.024993896 4.4246931392e+13 1.15753100813e+14 1.60000032205e+14
389.024993896 4.39441761898e+13 1.16055855693e+14 1.60000031883e+14
390.024993896 4.3644688572e+13 1.16355343284e+14 1.60000031856e+14
391.024993896 4.3348499677e+13 1.16651533414e+14 1.60000033091e+14
392.024993896 4.30556409923e+13 1.16944390757e+14 1.60000031749e+14
393.024993896 4.27661443812e+13 1.17233887072e+14 1.60000031454e+14
394.024993896 4.24800433982e+13 1.17519988646e+14 1.60000032044e+14
395.024993896 4.21973719734e+13 1.17802659776e+14 1.60000031749e+14
396.024993896 4.19181651914e+13 1.18081867068e+14 1.60000032259e+14
397.024993896 4.16424589421e+13 1.18357573639e+14 1.60000032581e+14
398.024993896 4.13702897594e+13 1.18629742768e+14 1.60000032528e+14
399.024993896 4.11016964055e+13 1.18898334995e+14 1.600000314e+14
400.024993896 4.0836717025e+13 1.19163315476e+14 1.60000032501e+14
401.024993896 4.05753921518e+13 1.19424639812e+14 1.60000031964e+14
402.024993896 4.03177628295e+13 1.19682269832e+14 1.60000032662e+14
403.024993896 4.00638716589e+13 1.19936160815e+14 1.60000032474e+14
404.024993896 3.98137619655e+13 1.20186269489e+14 1.60000031454e+14
405.024993896 3.95674783901e+13 1.2043255403e+14 1.60000032421e+14
406.024993896 3.93250670498e+13 1.20674964673e+14 1.60000031723e+14
407.024993896 3.908657578e+13 1.20913456802e+14 1.60000032582e+14
408.024993896 3.88520521742e+13 1.21147979951e+14 1.60000032125e+14
409.024993896 3.86215472351e+13 1.21378484837e+14 1.60000032072e+14
410.024993896 3.83951112407e+13 1.21604921261e+14 1.60000032501e+14
411.024993896 3.81727972607e+13 1.21827234945e+14 1.60000032206e+14
412.024993896 3.79546595996e+13 1.22045373224e+14 1.60000032824e+14
413.024993896 3.77407538235e+13 1.2225927849e+14 1.60000032314e+14
414.024993896 3.7531136975e+13 1.22468895553e+14 1.60000032529e+14
415.024993896 3.73258670361e+13 1.22674165949e+14 1.60000032985e+14
416.024993896 3.71250044049e+13 1.22875027829e+14 1.60000032233e+14
417.024993896 3.69286107408e+13 1.23071420956e+14 1.60000031697e+14
418.024993896 3.67367489921e+13 1.2326328198e+14 1.60000030972e+14
419.024993896 3.6549484308e+13 1.23450548194e+14 1.60000032502e+14
420.024993896 3.63668821063e+13 1.23633149859e+14 1.60000031965e+14
421.024993896 3.61890109722e+13 1.23811021691e+14 1.60000032663e+14
422.024993896 3.60159398399e+13 1.23984091481e+14 1.60000031321e+14
423.024993896 3.58477404085e+13 1.24152291584e+14 1.60000031992e+14
424.024993896 3.56844848068e+13 1.24315546622e+14 1.60000031429e+14
425.024993896 3.55262474985e+13 1.2447378444e+14 1.60000031939e+14
426.024993896 3.53731048806e+13 1.24626925958e+14 1.60000030839e+14
427.024993896 3.52251338328e+13 1.24774896818e+14 1.60000030651e+14
428.024993896 3.50824146175e+13 1.24917617188e+14 1.60000031805e+14
429.024993896 3.49450267183e+13 1.25055004228e+14 1.60000030946e+14
430.024993896 3.48130534576e+13 1.25186978536e+14 1.60000031993e+14
431.024993896 3.46865784531e+13 1.2531345303e+14 1.60000031483e+14
432.024993896 3.45656870672e+13 1.25434344014e+14 1.60000031081e+14
433.024993896 3.44504668367e+13 1.25549563869e+14 1.60000030705e+14
434.024993896 3.43410060501e+13 1.25659024924e+14 1.60000030974e+14
435.024993896 3.4237394848e+13 1.25762636448e+14 1.60000031296e+14
436.024993896 3.41397245253e+13 1.2586030567e+14 1.60000030196e+14
437.024993896 3.40480876385e+13 1.25951942504e+14 1.60000030142e+14
438.024993896 3.39625785964e+13 1.26037450633e+14 1.6000002923e+14
439.024993896 3.38832929083e+13 1.26116737395e+14 1.60000030304e+14
440.024993896 3.38103275868e+13 1.26189703844e+14 1.60000031431e+14
441.024993896 3.37437791076e+13 1.26256250337e+14 1.60000029445e+14
442.024993896 3.36837475702e+13 1.26316281794e+14 1.60000029365e+14
443.024993896 3.36303320007e+13 1.26369698035e+14 1.60000030036e+14
444.024993896 3.35836334647e+13 1.26416395498e+14 1.60000028962e+14
445.024993896 3.35437529748e+13 1.26456275827e+14 1.60000028801e+14
446.024993896 3.3510793261e+13 1.26489235192e+14 1.60000028453e+14
447.024993896 3.34848566778e+13 1.26515171372e+14 1.6000002805e+14
448.024993896 3.3466046734e+13 1.26533980914e+14 1.60000027648e+14
449.024993896 3.3454466804e+13 1.26545560146e+14 1.6000002695e+14
450.024993896 3.34502202355e+13 1.26549807815e+14 1.60000028051e+14
451.024993896 3.34534115305e+13 1.26546615903e+14 1.60000027434e+14
452.024993896 3.3464143768e+13 1.26535883156e+14 1.60000026924e+14
453.024993896 3.3482520967e+13 1.26517505528e+14 1.60000026495e+14
454.024993896 3.3508645616e+13 1.26491381336e+14 1.60000026951e+14
455.024993896 3.35426201499e+13 1.26457405997e+14 1.60000026146e+14
456.024993896 3.35845470307e+13 1.26415478579e+14 1.6000002561e+14
457.024993896 3.36345257674e+13 1.26365499494e+14 1.60000025261e+14
458.024993896 3.36926563789e+13 1.26307368185e+14 1.60000024564e+14
459.024993896 3.37590370859e+13 1.26240987746e+14 1.60000024832e+14
460.024993896 3.38337638539e+13 1.26166259556e+14 1.6000002341e+14
461.024993896 3.39169318703e+13 1.26083091647e+14 1.60000023518e+14
462.024993896 3.40086332621e+13 1.25991388833e+14 1.60000022095e+14
463.024993896 3.41089586262e+13 1.25891063604e+14 1.6000002223e+14
464.024993896 3.42179951237e+13 1.25782026086e+14 1.6000002121e+14
465.024993896 3.43358280901e+13 1.25664192798e+14 1.60000020888e+14
466.024993896 3.4462539452e+13 1.25537480631e+14 1.60000020083e+14
467.024993896 3.45982067335e+13 1.25401812008e+14 1.60000018742e+14
468.024993896 3.4742905714e+13 1.25257112786e+14 1.600000185e+14
469.024993896 3.48967069114e+13 1.25103310596e+14 1.60000017508e+14
470.024993896 3.50596771931e+13 1.24940340583e+14 1.60000017776e+14
471.024993896 3.52318788091e+13 1.24768137196e+14 1.60000016005e+14
472.024993896 3.54133693927e+13 1.24586644922e+14 1.60000014314e+14
473.024993896 3.56042013961e+13 1.24395811899e+14 1.60000013295e+14
474.024993896 3.58044224666e+13 1.24195589701e+14 1.60000012168e+14
475.024993896 3.6014073809e+13 1.23985938171e+14 1.6000001198e+14
476.024993896 3.62331916352e+13 1.23766818654e+14 1.6000001029e+14
477.024993896 3.64618053928e+13 1.23538203931e+14 1.60000009324e+14
478.024993896 3.66999385159e+13 1.23300069305e+14 1.60000007821e+14
479.024993896 3.69476075136e+13 1.23052398939e+14 1.60000006453e+14
480.024993896 3.72048225862e+13 1.22795183437e+14 1.60000006024e+14
481.024993896 3.74715856934e+13 1.22528417754e+14 1.60000003447e+14
482.024993896 3.77478922986e+13 1.22252109189e+14 1.60000001488e+14
483.024993896 3.80337300269e+13 1.21966269234e+14 1.59999999261e+14
484.024993896 3.83290789336e+13 1.21670919737e+14 1.59999998671e+14
485.024993896 3.86339096787e+13 1.21366087274e+14 1.59999996953e+14
486.024993896 3.89481870971e+13 1.21051807494e+14 1.59999994591e+14
487.024993896 3.92718656622e+13 1.20728127104e+14 1.59999992767e+14
488.024993896 3.96048920091e+13 1.2039509904e+14 1.59999991049e+14
489.024993896 3.99472050149e+13 1.20052784075e+14 1.5999998909e+14
490.024993896 4.02987337053e+13 1.19701253023e+14 1.59999986729e+14
491.024993896 4.06593991603e+13 1.1934058577e+14 1.59999984931e+14
492.024993896 4.10291127694e+13 1.18970869397e+14 1.59999982167e+14
493.024993896 4.14077784595e+13 1.18592201829e+14 1.59999980288e+14
494.024993896 4.17952902522e+13 1.18204688184e+14 1.59999978437e+14
495.024993896 4.21915333647e+13 1.17808442173e+14 1.59999975538e+14
496.024993896 4.25963861419e+13 1.17403586417e+14 1.59999972559e+14
497.024993896 4.30097159766e+13 1.16990253255e+14 1.59999969231e+14
498.024993896 4.34313840342e+13 1.16568583184e+14 1.59999967219e+14
499.024993896 4.38612409034e+13 1.16138723846e+14 1.5999996475e+14
500.024993896 4.42991314017e+13 1.15700830181e+14 1.59999961583e+14
501.024993896 4.47448907902e+13 1.15255067975e+14 1.59999958765e+14
502.024993896 4.51983482367e+13 1.14801607308e+14 1.59999955545e+14
503.024993896 4.56593245603e+13 1.14340627818e+14 1.59999952378e+14
504.024993896 4.61276342723e+13 1.13872315583e+14 1.59999949855e+14
505.024993896 4.6603084985e+13 1.13396861462e+14 1.59999946447e+14
506.024993896 4.70854782439e+13 1.12914465922e+14 1.59999944166e+14
507.024993896 4.7574608535e+13 1.12425331149e+14 1.59999939684e+14
508.024993896 4.80702679818e+13 1.11929669099e+14 1.59999937081e+14
509.024993896 4.85722413527e+13 1.11427692696e+14 1.59999934048e+14
510.024993896 4.90803090675e+13 1.1091962125e+14 1.59999930318e+14
511.024993896 4.95942480833e+13 1.10405679712e+14 1.59999927795e+14
512.024993896 5.01138321089e+13 1.09886092332e+14 1.59999924441e+14
513.024993896 5.06388309072e+13 1.0936108932e+14 1.59999920227e+14
514.024993896 5.11690138117e+13 1.0883090341e+14 1.59999917222e+14
515.024993896 5.17041463439e+13 1.08295767282e+14 1.59999913625e+14
516.024993896 5.22439936228e+13 1.07755917212e+14 1.59999910835e+14
517.024993896 5.27883195327e+13 1.0721158792e+14 1.59999907453e+14
518.024993896 5.3336887904e+13 1.06663016275e+14 1.59999904179e+14
519.024993896 5.3889463104e+13 1.06110437694e+14 1.59999900798e+14
520.024993896 5.44458106812e+13 1.05554087594e+14 1.59999898275e+14
521.024993896 5.50056957545e+13 1.04994199247e+14 1.59999895001e+14
522.024993896 5.5568888597e+13 1.04431004741e+14 1.59999893338e+14
523.024993896 5.61351574952e+13 1.03864731763e+14 1.59999889258e+14
524.024993896 5.67042786274e+13 1.03295608645e+14 1.59999887273e+14
525.024993896 5.7276027206e+13 1.02723857008e+14 1.59999884214e+14
526.024993896 5.78501859055e+13 1.02149696698e+14 1.59999882604e+14
527.024993896 5.84265374005e+13 1.01573343325e+14 1.59999880726e+14
528.024993896 5.9004872741e+13 1.00995005033e+14 1.59999877774e+14
529.024993896 5.95849866275e+13 1.00414889053e+14 1.59999875681e+14
530.024993896 6.01666795588e+13 9.98331949419e+13 1.59999874501e+14
531.024993896 6.07497564896e+13 9.92501166699e+13 1.59999873159e+14
532.024993896 6.1334028334e+13 9.86658432158e+13 1.5999987155e+14
533.024993896 6.19193137906e+13 9.80805556125e+13 1.59999869403e+14
534.024993896 6.25054363365e+13 9.74944328528e+13 1.59999869189e+14
535.024993896 6.30922265887e+13 9.6907641313e+13 1.59999867902e+14
536.024993896 6.36795221438e+13 9.63203465104e+13 1.59999868654e+14
537.024993896 6.42671667187e+13 9.57327012921e+13 1.59999868011e+14
538.024993896 6.48550109022e+13 9.51448560894e+13 1.59999866992e+14
539.024993896 6.5442911994e+13 9.45569561259e+13 1.5999986812e+14
540.024993896 6.60307360986e+13 9.39691326128e+13 1.59999868711e+14
541.024993896 6.66183534541e+13 9.33815155265e+13 1.59999868981e+14
542.024993896 6.72056418688e+13 9.2794227918e+13 1.59999869787e+14
543.024993896 6.77924871503e+13 9.22073844627e+13 1.59999871613e+14
544.024993896 6.83787800453e+13 9.16210934476e+13 1.59999873493e+14
545.024993896 6.89644188168e+13 9.10354562876e+13 1.59999875104e+14
546.024993896 6.95493083849e+13 9.04505698342e+13 1.59999878219e+14
547.024993896 7.01333579647e+13 8.98665221342e+13 1.59999880099e+14
548.024993896 7.07164845024e+13 8.92833981743e+13 1.59999882677e+14
549.024993896 7.12986103664e+13 8.87012754786e+13 1.59999885845e+14
550.024993896 7.18796622738e+13 8.81202266322e+13 1.59999888906e+14
551.024993896 7.24595747263e+13 8.75403186902e+13 1.59999893417e+14
552.024993896 7.30382836217e+13 8.69616130169e+13 1.59999896639e+14
553.024993896 7.36157329641e+13 8.63841678628e+13 1.59999900827e+14
554.024993896 7.4191869174e+13 8.58080361634e+13 1.59999905337e+14
555.024993896 7.47666443087e+13 8.52332660223e+13 1.59999910331e+14
556.024993896 7.53400132711e+13 8.46599024293e+13 1.599999157e+14
557.024993896 7.59119351516e+13 8.40879861867e+13 1.59999921338e+14
558.024993896 7.64823722083e+13 8.35175548753e+13 1.59999927084e+14
559.024993896 7.70512899202e+13 8.29486432307e+13 1.59999933151e+14
560.024993896 7.76186578468e+13 8.23812822304e+13 1.59999940077e+14
561.024993896 7.81844466213e+13 8.18155002748e+13 1.59999946896e+14
562.024993896 7.87486296686e+13 8.12513240464e+13 1.59999953715e+14
563.024993896 7.93111828832e+13 8.06887786172e+13 1.599999615e+14
564.024993896 7.98720844143e+13 8.01278844418e+13 1.59999968856e+14
565.024993896 8.04313134852e+13 7.95686641225e+13 1.59999977608e+14
566.024993896 8.09888511442e+13 7.90111346782e+13 1.59999985822e+14
567.024993896 8.154468048e+13 7.84553147383e+13 1.59999995218e+14
568.024993896 8.20987842052e+13 7.79012205163e+13 1.60000004722e+14
569.024993896 8.2651146697e+13 7.73488677424e+13 1.60000014439e+14
570.024993896 8.3201754641e+13 7.67982695164e+13 1.60000024157e+14
571.024993896 8.375059279e+13 7.62494413001e+13 1.6000003409e+14
572.024993896 8.42976483664e+13 7.57023968911e+13 1.60000045257e+14
573.024993896 8.4842909076e+13 7.51571470805e+13 1.60000056156e+14
574.024993896 8.53863620338e+13 7.4613706686e+13 1.6000006872e+14
575.024993896 8.59279948918e+13 7.4072085747e+13 1.60000080639e+14
576.024993896 8.64677944967e+13 7.35322983295e+13 1.60000092826e+14
577.024993896 8.70057504332e+13 7.29943548489e+13 1.60000105282e+14
578.024993896 8.75418501385e+13 7.24582688343e+13 1.60000118973e+14
579.024993896 8.80760815866e+13 7.19240516674e+13 1.60000133254e+14
580.024993896 8.86084321612e+13 7.13917158572e+13 1.60000148018e+14
581.024993896 8.9138890051e+13 7.08612726244e+13 1.60000162675e+14
582.024993896 8.96674430155e+13 7.03327359275e+13 1.60000178943e+14
583.024993896 9.01940779548e+13 6.98061171484e+13 1.60000195103e+14
584.024993896 9.0718782199e+13 6.92814291181e+13 1.60000211317e+14
585.024993896 9.12415429168e+13 6.87586852584e+13 1.60000228175e+14
586.024993896 9.1762347438e+13 6.82378987228e+13 1.60000246161e+14
587.024993896 9.2281181106e+13 6.77190825034e+13 1.60000263609e+14
588.024993896 9.27980321634e+13 6.72022519548e+13 1.60000284118e+14
589.024993896 9.33128859537e+13 6.66874176533e+13 1.60000303607e+14
590.024993896 9.38257277664e+13 6.61745960809e+13 1.60000323847e+14
591.024993896 9.43365450926e+13 6.56638008204e+13 1.60000345913e+14
592.024993896 9.48453229536e+13 6.51550443809e+13 1.60000367335e+14
593.024993896 9.5352046639e+13 6.46483436202e+13 1.60000390259e+14
594.024993896 9.58567025661e+13 6.41437115304e+13 1.60000414097e+14
595.024993896 9.63592760246e+13 6.36411631978e+13 1.60000439222e+14
596.024993896 9.68597518747e+13 6.31407122588e+13 1.60000464133e+14
597.024993896 9.73581157283e+13 6.26423744437e+13 1.60000490172e+14
598.024993896 9.78543534657e+13 6.21461645165e+13 1.60000517982e+14
599.024993896 9.83484483365e+13 6.16520966505e+13 1.60000544987e+14
600.024993896 9.8840388959e+13 6.11601856635e+13 1.60000574623e+14
601.024993896 9.93301587977e+13 6.06704454604e+13 1.60000604258e+14
602.024993896 9.98177445381e+13 6.01828916104e+13 1.60000636148e+14
603.024993896 1.00303129967e+14 5.96975379111e+13 1.60000667878e+14
604.024993896 1.00786302199e+14 5.92143986969e+13 1.60000700896e+14
605.024993896 1.01267246524e+14 5.8733488034e+13 1.60000734558e+14
606.024993896 1.01745949627e+14 5.82548204714e+13 1.60000770099e+14
607.024993896 1.02222396799e+14 5.77784097531e+13 1.60000806552e+14
608.024993896 1.02696575799e+14 5.73042696767e+13 1.60000845476e+14
609.024993896 1.03168471165e+14 5.68324135029e+13 1.60000884667e+14
610.024993896 1.03638070226e+14 5.63628542239e+13 1.6000092445e+14
611.024993896 1.0410536042e+14 5.58956060132e+13 1.60000966433e+14
612.024993896 1.04570328755e+14 5.54306803597e+13 1.60001009115e+14
613.024993896 1.05032962131e+14 5.49680906316e+13 1.60001052763e+14
614.024993896 1.05493250991e+14 5.45078490696e+13 1.60001100061e+14
615.024993896 1.05951178049e+14 5.40499679679e+13 1.60001146017e+14
616.024993896 1.06406734715e+14 5.35944587082e+13 1.60001193423e+14
617.024993896 1.06859912398e+14 5.31413326186e+13 1.60001245017e+14
618.024993896 1.07310693489e+14 5.26906015638e+13 1.60001295053e+14
619.024993896 1.07759072835e+14 5.22422764424e+13 1.60001349277e+14
620.024993896 1.08205036261e+14 5.17963671864e+13 1.60001403448e+14
621.024993896 1.08648575501e+14 5.13528848554e+13 1.60001460356e+14
622.024993896 1.0908968046e+14 5.09118384152e+13 1.60001518875e+14
623.024993896 1.09528340295e+14 5.04732389789e+13 1.60001579273e+14
624.024993896 1.09964545877e+14 5.00370941164e+13 1.60001639994e+14
625.024993896 1.10398290014e+14 4.96034147263e+13 1.60001704741e+14
626.024993896 1.10829560465e+14 4.91722080026e+13 1.60001768467e+14
627.024993896 1.11258353578e+14 4.87434824546e+13 1.60001836033e+14
628.024993896 1.1168465765e+14 4.83172466456e+13 1.60001904296e+14
629.024993896 1.12108467528e+14 4.78935081453e+13 1.60001975673e+14
630.024993896 1.12529774298e+14 4.74722737453e+13 1.60002048043e+14
631.024993896 1.12948571734e+14 4.70535511226e+13 1.60002122856e+14
632.024993896 1.13364852641e+14 4.66373458877e+13 1.60002198529e+14
633.024993896 1.13778612187e+14 4.62236656373e+13 1.60002277824e+14
634.024993896 1.14189843716e+14 4.581251523e+13 1.60002358946e+14
635.024993896 1.14598540569e+14 4.54039010815e+13 1.60002441651e+14
636.024993896 1.15004700493e+14 4.4997827272e+13 1.60002527765e+14
637.024993896 1.15408315219e+14 4.45942998143e+13 1.60002615034e+14
638.024993896 1.15809380238e+14 4.41933223057e+13 1.60002702544e+14
639.024993896 1.16207895012e+14 4.37948998731e+13 1.60002794886e+14
640.024993896 1.1660385353e+14 4.33990360063e+13 1.60002889536e+14
641.024993896 1.16997250421e+14 4.30057342754e+13 1.60002984697e+14
642.024993896 1.17388087082e+14 4.26149972306e+13 1.60003084313e+14
643.024993896 1.17776356642e+14 4.22268291668e+13 1.60003185809e+14
644.024993896 1.18162057059e+14 4.18412308088e+13 1.60003287868e+14
645.024993896 1.18545188656e+14 4.14582057537e+13 1.6000339441e+14
646.024993896 1.18925747031e+14 4.10777550483e+13 1.6000350208e+14
647.024993896 1.19303732399e+14 4.06998805181e+13 1.60003612917e+14
648.024993896 1.19679142933e+14 4.03245831293e+13 1.60003726062e+14
649.024993896 1.2005197842e+14 3.99518637678e+13 1.60003842188e+14
650.024993896 1.20422237785e+14 3.95817230242e+13 1.60003960809e+14
651.024993896 1.20789920492e+14 3.9214160818e+13 1.6000408131e+14
652.024993896 1.21155027722e+14 3.88491774712e+13 1.60004205193e+14
653.024993896 1.21517558723e+14 3.84867724202e+13 1.60004331143e+14
654.024993896 1.21877515643e+14 3.81269444032e+13 1.60004460046e+14
655.024993896 1.22234899555e+14 3.77696926688e+13 1.60004592224e+14
656.024993896 1.22589710674e+14 3.74150160089e+13 1.60004726683e+14
657.024993896 1.22941950289e+14 3.70629121954e+13 1.60004862485e+14
658.024993896 1.23291623124e+14 3.67133797253e+13 1.6000500285e+14
659.024993896 1.23638729394e+14 3.63664158872e+13 1.60005145281e+14
660.024993896 1.23983272535e+14 3.60220181579e+13 1.60005290693e+14
661.024993896 1.24325254587e+14 3.56801838531e+13 1.6000543844e+14
662.024993896 1.24664680811e+14 3.53409092414e+13 1.60005590052e+14
663.024993896 1.2500155314e+14 3.50041910479e+13 1.60005744188e+14
664.024993896 1.2533587501e+14 3.46700254073e+13 1.60005900418e+14
665.024993896 1.25667651575e+14 3.43384083734e+13 1.60006059949e+14
666.024993896 1.25996887775e+14 3.40093353024e+13 1.60006223077e+14
667.024993896 1.26323586722e+14 3.36828018188e+13 1.60006388541e+14
668.024993896 1.26647753679e+14 3.33588027686e+13 1.60006556447e+14
669.024993896 1.26969394121e+14 3.30373329709e+13 1.60006727092e+14
670.024993896 1.27288514598e+14 3.27183867618e+13 1.6000690136e+14
671.024993896 1.27605120265e+14 3.24019583969e+13 1.60007078662e+14
672.024993896 1.27919215953e+14 3.2088042561e+13 1.60007258514e+14
673.024993896 1.28230809822e+14 3.17766319527e+13 1.60007441774e+14
674.024993896 1.28539906919e+14 3.14677204785e+13 1.60007627398e+14
675.024993896 1.28846514975e+14 3.11613013739e+13 1.60007816349e+14
676.024993896 1.29150640648e+14 3.0857367418e+13 1.60008008066e+14
677.024993896 1.29452290809e+14 3.05559117656e+13 1.60008202574e+14
678.024993896 1.29751474585e+14 3.02569262563e+13 1.60008400841e+14
679.024993896 1.30048197129e+14 2.99604037229e+13 1.60008600852e+14
680.024993896 1.30342468536e+14 2.96663356022e+13 1.60008804138e+14
681.024993896 1.30634296214e+14 2.93747143782e+13 1.60009010592e+14
682.024993896 1.30923690041e+14 2.90855307897e+13 1.60009220831e+14
683.024993896 1.31210656031e+14 2.87987769716e+13 1.60009433002e+14
684.024993896 1.31495205135e+14 2.85144432603e+13 1.60009648395e+14
685.024993896 1.31777346373e+14 2.82325211195e+13 1.60009867492e+14
686.024993896 1.32057087046e+14 2.79530008586e+13 1.60010087904e+14
687.024993896 1.32334438429e+14 2.76758734582e+13 1.60010311887e+14
688.024993896 1.32609409648e+14 2.740112904e+13 1.60010538688e+14
689.024993896 1.32882010475e+14 2.71287573765e+13 1.60010767852e+14
690.024993896 1.33152252721e+14 2.6858748804e+13 1.60011001525e+14
691.024993896 1.33420144545e+14 2.65910925046e+13 1.6001123705e+14
692.024993896 1.33685696686e+14 2.63257787073e+13 1.60011475394e+14
693.024993896 1.33948919452e+14 2.60627965941e+13 1.60011716046e+14
694.024993896 1.34209825298e+14 2.58021350517e+13 1.60011960349e+14
695.024993896 1.3446842335e+14 2.55437834501e+13 1.600122068e+14
696.024993896 1.34724725098e+14 2.52877304614e+13 1.60012455559e+14
697.024993896 1.34978743211e+14 2.50339647844e+13 1.60012707996e+14
698.024993896 1.35230487462e+14 2.47824753059e+13 1.60012962768e+14
699.024993896 1.35479969124e+14 2.45332502147e+13 1.60013219339e+14
700.024993896 1.357272028e+14 2.42862774044e+13 1.60013480204e+14
701.024993896 1.3597219708e+14 2.4041545896e+13 1.60013742976e+14
702.024993896 1.36214965063e+14 2.37990428045e+13 1.60014007868e+14
703.024993896 1.36455518669e+14 2.35587567215e+13 1.60014275391e+14
704.024993896 1.36693870675e+14 2.33206744668e+13 1.60014545141e+14
705.024993896 1.36930032891e+14 2.30847849271e+13 1.60014817818e+14
706.024993896 1.37164018096e+14 2.28510747076e+13 1.60015092803e+14
707.024993896 1.37395839818e+14 2.26195315004e+13 1.60015371319e+14
708.024993896 1.37625507937e+14 2.23901423134e+13 1.6001565025e+14
709.024993896 1.37853037913e+14 2.21628946238e+13 1.60015932537e+14
710.024993896 1.3807844188e+14 2.19377755604e+13 1.60016217441e+14
711.024993896 1.38301732939e+14 2.17147717147e+13 1.60016504653e+14
712.025024414 1.38522922254e+14 2.14938704972e+13 1.60016792752e+14
713.025024414 1.38742026471e+14 2.12750585128e+13 1.60017084984e+14
714.025024414 1.38959055896e+14 2.10583221385e+13 1.60017378035e+14
715.025024414 1.39174025026e+14 2.08436485968e+13 1.60017673623e+14
716.025024414 1.39386946852e+14 2.06310242913e+13 1.60017971143e+14
717.025024414 1.39597835011e+14 2.04204355588e+13 1.60018270569e+14
718.025024414 1.39806702709e+14 2.0211868897e+13 1.60018571606e+14
719.025024414 1.4001356541e+14 2.00053108168e+13 1.60018876227e+14
720.025024414 1.40218433528e+14 1.98007475209e+13 1.60019181049e+14
721.025024414 1.40421323921e+14 1.95981654263e+13 1.60019489347e+14
722.025024414 1.4062224797e+14 1.9397550722e+13 1.60019798692e+14
723.025024414 1.40821220601e+14 1.91988894226e+13 1.60020110023e+14
724.025024414 1.41018255128e+14 1.90021679049e+13 1.60020423033e+14
725.025024414 1.4121336508e+14 1.88073719687e+13 1.60020737048e+14
726.025024414 1.41406564523e+14 1.86144880178e+13 1.60021052541e+14
727.025024414 1.4159786849e+14 1.84235019593e+13 1.60021370449e+14
728.025024414 1.4178728922e+14 1.82343997271e+13 1.60021688947e+14
729.025024414 1.41974843036e+14 1.80471673895e+13 1.60022010426e+14
730.025024414 1.42160542393e+14 1.7861791055e+13 1.60022333448e+14
731.025024414 1.4234439996e+14 1.76782564292e+13 1.60022656389e+14
732.025024414 1.42526431629e+14 1.74965494329e+13 1.60022981062e+14
733.025024414 1.42706650821e+14 1.73166562685e+13 1.6002330709e+14
734.025024414 1.42885071819e+14 1.71385625074e+13 1.60023634326e+14
735.025024414 1.43061709009e+14 1.69622544193e+13 1.60023963428e+14
736.025024414 1.43236575062e+14 1.67877177368e+13 1.60024292798e+14
737.025024414 1.43409685224e+14 1.66149385281e+13 1.60024623752e+14
738.025024414 1.43581054422e+14 1.64439022037e+13 1.60024956626e+14
739.025024414 1.43750694573e+14 1.62745954627e+13 1.60025290036e+14
740.025024414 1.43918620388e+14 1.61070037961e+13 1.60025624185e+14
741.025024414 1.44084845933e+14 1.59411132722e+13 1.60025959205e+14
742.025024414 1.44249385059e+14 1.57769098248e+13 1.60026294884e+14
743.025024414 1.44412252369e+14 1.56143794685e+13 1.60026631838e+14
744.025024414 1.4457346064e+14 1.54535082984e+13 1.60026968939e+14
745.025024414 1.44733025765e+14 1.52942824229e+13 1.60027308188e+14
746.025024414 1.44890959768e+14 1.51366878029e+13 1.60027647571e+14
747.025024414 1.45047276071e+14 1.49807103857e+13 1.60027986457e+14
748.025024414 1.45201989922e+14 1.48263366154e+13 1.60028326538e+14
749.025024414 1.45355115387e+14 1.4673552332e+13 1.60028667719e+14
750.025024414 1.45506665029e+14 1.45223442211e+13 1.6002900925e+14
751.025024414 1.45656653664e+14 1.43726981763e+13 1.6002935184e+14
752.025024414 1.45805092461e+14 1.42246004002e+13 1.60029692861e+14
753.025024414 1.45951998813e+14 1.40780374978e+13 1.60030036311e+14
754.025024414 1.46097383028e+14 1.3932995846e+13 1.60030378874e+14
755.025024414 1.46241260033e+14 1.37894617277e+13 1.60030721761e+14
756.025024414 1.46383643892e+14 1.36474215333e+13 1.60031065425e+14
757.025024414 1.46524546631e+14 1.35068619081e+13 1.60031408539e+14
758.025024414 1.46663982747e+14 1.33677694975e+13 1.60031752244e+14
759.025024414 1.46801966089e+14 1.32301309333e+13 1.60032097023e+14
760.025024414 1.46938509222e+14 1.30939328474e+13 1.60032442069e+14
761.025024414 1.47073622668e+14 1.29591619121e+13 1.6003278458e+14
762.025024414 1.47207323713e+14 1.28258050412e+13 1.60033128754e+14
763.025024414 1.47339624277e+14 1.2693849108e+13 1.60033473385e+14
764.025024414 1.47470535097e+14 1.25632809727e+13 1.6003381607e+14
765.025024414 1.47600073031e+14 1.24340877773e+13 1.60034160808e+14
766.025024414 1.47728248064e+14 1.23062564758e+13 1.6003450454e+14
767.025024414 1.47855073726e+14 1.21797739283e+13 1.60034847654e+14
768.025024414 1.47980563438e+14 1.20546278941e+13 1.60035191332e+14
769.025024414 1.48104728475e+14 1.19308050856e+13 1.6003553356e+14
770.025024414 1.48227583546e+14 1.18082933025e+13 1.60035876849e+14
771.025024414 1.48349138639e+14 1.1687079794e+13 1.60036218433e+14
772.025024414 1.48469408033e+14 1.1567151568e+13 1.60036559601e+14
773.025024414 1.48588403754e+14 1.14484969475e+13 1.60036900702e+14
774.025024414 1.48706140084e+14 1.13311030072e+13 1.60037243091e+14
775.025024414 1.48822624646e+14 1.12149576945e+13 1.6003758234e+14
776.025024414 1.48937873545e+14 1.11000487753e+13 1.6003792232e+14
777.025024414 1.49051896983e+14 1.09863638481e+13 1.60038260831e+14
778.025024414 1.49164709132e+14 1.08738911888e+13 1.60038600321e+14
779.025024414 1.49276319335e+14 1.07626185367e+13 1.60038937872e+14
780.025024414 1.49386740691e+14 1.06525341141e+13 1.60039274806e+14
781.025024414 1.49495986085e+14 1.05436260966e+13 1.60039612182e+14
782.025024414 1.49604064537e+14 1.04358826862e+13 1.60039947223e+14
783.025024414 1.49710990648e+14 1.03292921324e+13 1.60040282781e+14
784.025024414 1.49816773869e+14 1.02238429057e+13 1.60040616775e+14
785.025024414 1.4992142601e+14 1.01195235306e+13 1.60040949541e+14
786.025024414 1.50024959957e+14 1.00163225717e+13 1.60041282528e+14
787.025024414 1.50127385479e+14 9.91422862725e+12 1.60041614106e+14
788.025024414 1.50228714067e+14 9.81323049001e+12 1.60041944557e+14
789.025024414 1.50328957102e+14 9.71331697296e+12 1.60042274075e+14
790.025024414 1.50428126395e+14 9.61447694273e+12 1.60042603338e+14
791.025024414 1.50526231718e+14 9.51669935993e+12 1.60042931078e+14
792.025024414 1.50623284344e+14 9.4199733529e+12 1.60043257697e+14
793.025024414 1.50719295333e+14 9.32428808358e+12 1.60043583416e+14
794.025024414 1.50814276603e+14 9.22963275414e+12 1.60043909357e+14
795.025024414 1.50908234705e+14 9.13599668756e+12 1.60044231392e+14
796.025024414 1.51001184993e+14 9.04336932092e+12 1.60044554314e+14
797.025024414 1.5109313509e+14 8.95174018521e+12 1.60044875275e+14
798.025024414 1.5118409713e+14 8.86109880476e+12 1.60045195935e+14
799.025024414 1.51274080347e+14 8.77143482467e+12 1.60045515172e+14
800.025024414 1.51363094512e+14 8.68273802425e+12 1.60045832536e+14
801.025024414 1.51451151651e+14 8.59499823651e+12 1.60046149887e+14
802.025024414 1.51538259494e+14 8.50820545551e+12 1.6004646495e+14
803.025024414 1.51624428888e+14 8.4223495881e+12 1.60046778476e+14
804.025024414 1.51709671857e+14 8.33742071557e+12 1.60047092572e+14
805.025024414 1.51793994951e+14 8.25340912727e+12 1.60047404078e+14
806.025024414 1.51877409552e+14 8.17030493136e+12 1.60047714484e+14
807.025024414 1.5195992468e+14 8.08809865877e+12 1.60048023339e+14
808.025024414 1.52041550749e+14 8.00678065254e+12 1.60048331402e+14
809.025024414 1.52122295277e+14 7.92634133624e+12 1.60048636613e+14
810.025024414 1.52202170503e+14 7.84677150923e+12 1.60048942012e+14
811.025024414 1.52281183944e+14 7.76806163536e+12 1.60049245579e+14
812.025024414 1.52359345048e+14 7.69020265492e+12 1.60049547703e+14
813.025024414 1.52436664017e+14 7.6131853807e+12 1.60049849398e+14
814.025024414 1.52513146541e+14 7.53700077986e+12 1.60050147321e+14
815.025024414 1.52588805827e+14 7.46163979942e+12 1.60050445626e+14
816.025024414 1.52663648962e+14 7.38709354743e+12 1.60050742509e+14
817.025024414 1.52737683999e+14 7.31335328634e+12 1.60051037285e+14
818.025024414 1.52810919849e+14 7.24041016448e+12 1.60051330014e+14
819.025024414 1.52883367252e+14 7.16825567245e+12 1.60051622924e+14
820.025024414 1.52955032647e+14 7.09688119346e+12 1.60051913841e+14
821.025024414 1.53025924842e+14 7.02627810404e+12 1.60052202946e+14
822.025024414 1.53096052532e+14 6.95643825045e+12 1.60052490783e+14
823.025024414 1.53165424093e+14 6.88735315684e+12 1.6005277725e+14
824.025024414 1.53234047149e+14 6.81901458225e+12 1.60053061731e+14
825.025024414 1.53301930397e+14 6.75141439979e+12 1.60053344797e+14
826.025024414 1.53369081782e+14 6.68454453626e+12 1.60053626318e+14
827.025024414 1.53435509465e+14 6.61839689834e+12 1.60053906363e+14
828.025024414 1.53501221929e+14 6.55296366113e+12 1.6005418559e+14
829.025024414 1.53566225616e+14 6.48823697289e+12 1.60054462589e+14
830.025024414 1.53630529867e+14 6.42420903558e+12 1.60054738903e+14
831.025024414 1.53694139837e+14 6.36087216523e+12 1.60055012002e+14
832.025024414 1.53757065511e+14 6.29821867116e+12 1.60055284182e+14
833.025024414 1.53819313547e+14 6.2362411714e+12 1.60055554718e+14
834.025024414 1.53880891997e+14 6.17493210279e+12 1.600558241e+14
835.025024414 1.53941808056e+14 6.11428400951e+12 1.60056092066e+14
836.025024414 1.54002068918e+14 6.0542897512e+12 1.60056358669e+14
837.025024414 1.54061681025e+14 5.99494193245e+12 1.60056622957e+14
838.025024414 1.54120652537e+14 5.93623352025e+12 1.60056886057e+14
839.025024414 1.54178990327e+14 5.87815732725e+12 1.60057147655e+14
840.025024414 1.54236700301e+14 5.82070638084e+12 1.60057406681e+14
841.025024414 1.54293791584e+14 5.76387371511e+12 1.60057665299e+14
842.025024414 1.5435026976e+14 5.70765247154e+12 1.60057922232e+14
843.025024414 1.54406141058e+14 5.65203588555e+12 1.60058176943e+14
844.025024414 1.54461413852e+14 5.59701714896e+12 1.60058431001e+14
845.025024414 1.54516093618e+14 5.54258968844e+12 1.60058683307e+14
846.025024414 1.54570186692e+14 5.488746877e+12 1.60058933569e+14
847.025024414 1.54623698979e+14 5.43548216145e+12 1.6005918114e+14
848.025024414 1.54676639713e+14 5.38278912284e+12 1.60059428836e+14
849.025024414 1.54729013082e+14 5.33066141266e+12 1.60059674495e+14
850.025024414 1.54780825743e+14 5.27909267571e+12 1.60059918419e+14
851.025024414 1.5483208489e+14 5.22807664737e+12 1.60060161537e+14
852.025024414 1.54882795033e+14 5.17760717711e+12 1.6006040221e+14
853.025024414 1.54932962506e+14 5.12767813455e+12 1.60060640641e+14
854.025024414 1.54982595149e+14 5.07828350336e+12 1.60060878652e+14
855.025024414 1.55031697363e+14 5.02941726054e+12 1.60061114624e+14
856.025024414 1.55080275914e+14 4.98107349714e+12 1.60061349411e+14
857.025024414 1.55128336169e+14 4.93324640824e+12 1.60061582577e+14
858.025024414 1.55175883498e+14 4.88593013525e+12 1.60061813633e+14
859.025024414 1.55222925417e+14 4.8391189672e+12 1.60062044384e+14
860.025024414 1.55269465146e+14 4.79280725352e+12 1.600622724e+14
861.025024414 1.55315509451e+14 4.74698936043e+12 1.60062498811e+14
862.025024414 1.55361064667e+14 4.70165980848e+12 1.60062724475e+14
863.025024414 1.55406134873e+14 4.65681302092e+12 1.60062947894e+14
864.025024414 1.55450726298e+14 4.61244365255e+12 1.6006316995e+14
865.025024414 1.55494844739e+14 4.5685463078e+12 1.60063391047e+14
866.025024414 1.555384946e+14 4.52511570185e+12 1.60063610302e+14
867.025024414 1.55581681571e+14 4.48214655323e+12 1.60063828124e+14
868.025024414 1.55624410268e+14 4.43963370798e+12 1.60064043976e+14
869.025024414 1.55666685954e+14 4.39757206584e+12 1.6006425802e+14
870.025024414 1.55708514856e+14 4.35595647283e+12 1.60064471329e+14
871.025024414 1.55749901054e+14 4.31478195955e+12 1.60064683014e+14
872.025024414 1.55790850025e+14 4.27404355658e+12 1.60064893581e+14
873.025024414 1.55831365096e+14 4.23373639182e+12 1.60065101488e+14
874.025024414 1.55871452926e+14 4.19385556969e+12 1.60065308495e+14
875.025024414 1.55911118023e+14 4.15439630531e+12 1.60065514328e+14
876.025024414 1.55950364898e+14 4.11535388093e+12 1.60065718779e+14
877.025024414 1.55989197523e+14 4.0767235721e+12 1.60065921095e+14
878.025024414 1.56027621053e+14 4.03850077513e+12 1.60066121828e+14
879.025024414 1.56065640211e+14 4.00068087631e+12 1.60066321087e+14
880.025024414 1.56103260689e+14 3.96325939275e+12 1.60066520082e+14
881.025024414 1.56140484849e+14 3.92623172414e+12 1.60066716573e+14
882.025024414 1.56177318382e+14 3.88959359901e+12 1.60066911981e+14
883.025024414 1.56213765797e+14 3.85334053448e+12 1.60067106332e+14
884.025024414 1.56249829886e+14 3.81746821545e+12 1.60067298102e+14
885.025024414 1.56285517629e+14 3.78197239393e+12 1.60067490023e+14
886.025024414 1.56320830314e+14 3.74684879844e+12 1.60067679113e+14
887.025024414 1.56355774491e+14 3.7120932179e+12 1.60067867709e+14
888.025024414 1.56390353595e+14 3.67770160228e+12 1.60068055197e+14
889.025024414 1.5642457117e+14 3.6436697875e+12 1.60068240958e+14
890.025024414 1.56458430546e+14 3.6099938074e+12 1.60068424353e+14
891.025024414 1.56491937089e+14 3.57666954487e+12 1.60068606634e+14
892.025024414 1.5652509413e+14 3.54369313442e+12 1.60068787264e+14
893.025024414 1.56557907251e+14 3.51106060994e+12 1.60068967861e+14
894.025024414 1.56590378063e+14 3.47876816634e+12 1.6006914623e+14
895.025024414 1.5662251258e+14 3.4468120019e+12 1.60069324582e+14
896.025024414 1.56654311981e+14 3.41518826794e+12 1.60069500249e+14
897.025024414 1.56685781744e+14 3.38389331373e+12 1.60069675058e+14
898.025024414 1.56716924982e+14 3.3529233342e+12 1.60069848316e+14
899.025024414 1.56747745668e+14 3.32227477594e+12 1.60070020443e+14
900.025024414 1.56778246378e+14 3.29194409223e+12 1.60070190471e+14
901.025024414 1.56808433342e+14 3.26192755519e+12 1.60070360897e+14
902.025024414 1.56838307524e+14 3.23222179595e+12 1.6007052932e+14
903.025024414 1.56867870643e+14 3.20282319063e+12 1.60070693834e+14
904.025024414 1.56897130753e+14 3.17372840056e+12 1.60070859153e+14
905.025024414 1.56926089785e+14 3.14493401326e+12 1.60071023798e+14
906.025024414 1.5695475225e+14 3.11643665315e+12 1.60071188903e+14
907.025024414 1.56983115999e+14 3.08823302854e+12 1.60071349028e+14
908.025024414 1.57011190698e+14 3.06031978064e+12 1.60071510478e+14
909.025024414 1.57038974734e+14 3.03269372513e+12 1.60071668459e+14
910.025024414 1.57066475947e+14 3.00535160051e+12 1.60071827548e+14
911.025024414 1.57093692618e+14 2.97829028623e+12 1.60071982905e+14
912.025024414 1.57120632801e+14 2.95150660467e+12 1.60072139406e+14
913.025024414 1.57147296066e+14 2.92499751918e+12 1.60072293585e+14
914.025024414 1.57173686386e+14 2.8987598991e+12 1.60072446285e+14
915.025024414 1.57199810525e+14 2.87279074133e+12 1.60072601266e+14
916.025024414 1.57225664188e+14 2.84708705952e+12 1.60072751248e+14
917.025024414 1.57251253496e+14 2.82164591766e+12 1.60072899414e+14
918.025024414 1.57276583066e+14 2.79646428074e+12 1.60073047347e+14
919.025024414 1.57301654938e+14 2.77153940402e+12 1.60073194342e+14
920.025024414 1.57326472011e+14 2.74686835484e+12 1.60073340366e+14
921.025024414 1.57351036325e+14 2.72244833308e+12 1.60073484658e+14
922.025024414 1.57375356578e+14 2.69827651178e+12 1.6007363309e+14
923.025024414 1.57399419133e+14 2.67435017973e+12 1.60073769312e+14
924.025024414 1.57423245464e+14 2.6506666224e+12 1.60073912087e+14
925.025024414 1.57446835572e+14 2.62722307154e+12 1.60074058644e+14
926.025024414 1.5747017872e+14 2.6040169015e+12 1.60074195622e+14
927.025024414 1.57493285644e+14 2.581045537e+12 1.60074331181e+14
928.025024414 1.57516167083e+14 2.5583062769e+12 1.6007447336e+14
929.025024414 1.57538812298e+14 2.53579660796e+12 1.60074608906e+14
930.025024414 1.57561227411e+14 2.51351401865e+12 1.6007474143e+14
931.025024414 1.57583415535e+14 2.49145587326e+12 1.60074871408e+14
932.025024414 1.57605384293e+14 2.46961982298e+12 1.60075004116e+14
933.025024414 1.57627138302e+14 2.44800338646e+12 1.60075141689e+14
934.025024414 1.57648666826e+14 2.42660410249e+12 1.60075270929e+14
935.025024414 1.57669980602e+14 2.40541962393e+12 1.60075400226e+14
936.025024414 1.57691079629e+14 2.38444743251e+12 1.60075527061e+14
937.025024414 1.57711974645e+14 2.36368545962e+12 1.60075660105e+14
938.025024414 1.57732654913e+14 2.34313118866e+12 1.60075786102e+14
939.025024414 1.5775313117e+14 2.32278227083e+12 1.60075913441e+14
940.025024414 1.57773392678e+14 2.30263669287e+12 1.60076029371e+14
941.025024414 1.57793460913e+14 2.28269193818e+12 1.60076152852e+14
942.025024414 1.57813335875e+14 2.2629459935e+12 1.60076281868e+14
943.025024414 1.57833006825e+14 2.2433966778e+12 1.60076403503e+14
944.025024414 1.57852484502e+14 2.22404181003e+12 1.60076526312e+14
945.025024414 1.57871758168e+14 2.20487904139e+12 1.6007663721e+14
946.025024414 1.57890849298e+14 2.18590661866e+12 1.60076755917e+14
947.025024414 1.57909757892e+14 2.16712225174e+12 1.60076880144e+14
948.025024414 1.57928473212e+14 2.14852386866e+12 1.60076997081e+14
949.025024414 1.57947005997e+14 2.13010953164e+12 1.60077115528e+14
950.025024414 1.57965345507e+14 2.11187722741e+12 1.60077222735e+14
951.025024414 1.57983513219e+14 2.09382477494e+12 1.60077337994e+14
952.025024414 1.58001498395e+14 2.07595049651e+12 1.60077448892e+14
953.025024414 1.58019311772e+14 2.05825221108e+12 1.60077563983e+14
954.025024414 1.58036953351e+14 2.04072824092e+12 1.60077681592e+14
955.025024414 1.58054412393e+14 2.02337640501e+12 1.60077788798e+14
956.025024414 1.58071699637e+14 2.00619502561e+12 1.60077894662e+14
957.025024414 1.58088825819e+14 1.98918225723e+12 1.60078008076e+14
958.025024414 1.58105780203e+14 1.97233625438e+12 1.60078116457e+14
959.025024414 1.58122562788e+14 1.9556550038e+12 1.60078217791e+14
960.025024414 1.58139195049e+14 1.93913699553e+12 1.60078332044e+14
961.025024414 1.58155655511e+14 1.92278021631e+12 1.60078435727e+14
962.025024414 1.58171954912e+14 1.90658315619e+12 1.60078538068e+14
963.025024414 1.58188093252e+14 1.8905438019e+12 1.60078637054e+14
964.025024414 1.58204081268e+14 1.87466081127e+12 1.60078742079e+14
965.025024414 1.58219908223e+14 1.85893217103e+12 1.60078840394e+14
966.025024414 1.58235584854e+14 1.84335637122e+12 1.60078941225e+14
967.025024414 1.58251111161e+14 1.82793190191e+12 1.60079043063e+14
968.025024414 1.58266487144e+14 1.81265674982e+12 1.60079143894e+14
969.025024414 1.58281712803e+14 1.79752957278e+12 1.60079242376e+14
970.025024414 1.58296798876e+14 1.78254869307e+12 1.60079347569e+14
971.025024414 1.58311723888e+14 1.76771260073e+12 1.60079436488e+14
972.025024414 1.5832652005e+14 1.75301978582e+12 1.60079539836e+14
973.025024414 1.58341165889e+14 1.73846857061e+12 1.6007963446e+14
974.025024414 1.58355672141e+14 1.72405744516e+12 1.60079729586e+14
975.025024414 1.58370038807e+14 1.70978506729e+12 1.60079823874e+14
976.025024414 1.58384265886e+14 1.69564975927e+12 1.60079915646e+14
977.025024414 1.58398353379e+14 1.68165017894e+12 1.60080003558e+14
978.025024414 1.58412312023e+14 1.66778481633e+12 1.6008009684e+14
979.025024414 1.58426141818e+14 1.65405216151e+12 1.6008019398e+14
980.025024414 1.58439832027e+14 1.64045104006e+12 1.60080283067e+14
981.025024414 1.58453393386e+14 1.62697977426e+12 1.6008037316e+14
982.025024414 1.58466825897e+14 1.61363702194e+12 1.60080462918e+14
983.025024414 1.58480129558e+14 1.60042160869e+12 1.60080551167e+14
984.025024414 1.5849330437e+14 1.58733219234e+12 1.60080636563e+14
985.025024414 1.58506350334e+14 1.57436709516e+12 1.60080717429e+14
986.025024414 1.58519278185e+14 1.56152531052e+12 1.60080803496e+14
987.025024414 1.58532087926e+14 1.54880532846e+12 1.60080893254e+14
988.025024414 1.58544768817e+14 1.53620614237e+12 1.60080974959e+14
989.025024414 1.58557331596e+14 1.52372607451e+12 1.60081057671e+14
990.025024414 1.58569776264e+14 1.51136411825e+12 1.60081140382e+14
991.025024414 1.58582102821e+14 1.49911909919e+12 1.6008122192e+14
992.025024414 1.58594322003e+14 1.48698950738e+12 1.6008131151e+14
993.025024414 1.58606412336e+14 1.47497433619e+12 1.60081386672e+14
994.025024414 1.58618395295e+14 1.4630724112e+12 1.60081467706e+14
995.025024414 1.58630270879e+14 1.45128239025e+12 1.6008155327e+14
996.025024414 1.58642028353e+14 1.43960309892e+12 1.60081631452e+14
997.025024414 1.58653678452e+14 1.42803336281e+12 1.60081711814e+14
998.025024414 1.58665210439e+14 1.4165721753e+12 1.60081782614e+14
999.025024414 1.5867664579e+14 1.40521836197e+12 1.60081864152e+14
1000.0 1.58687844917e+14 1.39397536215e+12 1.60081820279e+14
